1	1.0011132812499999	82.0	41.0	1.0
2	0.06830078125	61.5	42.0	0.464285714286
3	0.06830078125	56.0	46.0	0.217391304348
4	0.06830078125	57.5	43.0	0.337209302326
5	0.06830078125	51.6	42.0	0.228571428571
6	0.06830078125	49.0	42.0	0.166666666667
7	0.06830078125	48.0	42.0	0.142857142857
8	0.06830078125	47.25	44.0	0.0738636363636
9	0.06830078125	48.8888888889	44.0	0.111111111111
10	0.06830078125	48.4	42.0	0.152380952381
11	0.06830078125	45.8181818182	38.0	0.205741626794
12	0.06830078125	41.1666666667	35.0	0.17619047619
13	0.06830078125	37.6923076923	33.0	0.142191142191
14	0.06830078125	35.3571428571	33.0	0.0714285714286
15	0.06830078125	35.2	33.0	0.0666666666667
16	0.06830078125	35.0625	32.0	0.095703125
17	0.06830078125	33.8823529412	32.0	0.0588235294118
18	0.06830078125	33.7777777778	33.0	0.023569023569
19	0.06830078125	34.7368421053	34.0	0.0216718266254
20	0.06830078125	35.7	35.0	0.02
21	0.06830078125	36.6666666667	38.0	0.0350877192982
22	0.06830078125	39.7272727273	39.0	0.018648018648
23	0.06830078125	40.6956521739	39.0	0.0434782608696
24	0.06830078125	40.625	41.0	0.00914634146341
25	0.06830078125	42.64	42.0	0.0152380952381
26	0.06830078125	43.6153846154	42.0	0.0384615384615
27	0.06830078125	43.5555555556	46.0	0.0531400966184
28	0.06830078125	47.6428571429	44.0	0.0827922077922
29	0.06830078125	45.5172413793	43.0	0.0585404971933
30	0.06830078125	44.4333333333	43.0	0.0333333333333
31	0.06830078125	44.3870967742	43.0	0.0322580645161
32	0.06830078125	44.34375	44.0	0.0078125
33	0.06830078125	45.3333333333	44.0	0.030303030303
34	0.06830078125	45.2941176471	42.0	0.078431372549
35	0.06830078125	43.2	38.0	0.136842105263
36	0.06830078125	39.0555555556	34.0	0.148692810458
37	0.06830078125	34.9189189189	32.0	0.0912162162162
38	0.06830078125	32.8421052632	32.0	0.0263157894737
39	0.06830078125	32.8205128205	32.0	0.025641025641
40	0.06830078125	32.8	32.0	0.025
41	0.06830078125	32.7804878049	32.0	0.0243902439024
42	0.06830078125	32.7619047619	34.0	0.0364145658263
43	0.06830078125	34.7906976744	34.0	0.0232558139535
44	0.06830078125	34.7727272727	35.0	0.00649350649351
45	0.06830078125	35.7777777778	38.0	0.0584795321637
46	0.06830078125	38.8260869565	39.0	0.00445930880713
47	0.06830078125	39.829787234	40.0	0.00425531914894
48	0.06830078125	40.8333333333	40.0	0.0208333333333
49	0.06830078125	40.8163265306	41.0	0.00447984071677
50	0.06830078125	41.82	41.0	0.02
51	0.06830078125	41.8039215686	45.0	0.0710239651416
52	0.06830078125	45.8653846154	43.0	0.0666368515206
53	0.06830078125	43.8113207547	41.0	0.0685687988955
54	0.06830078125	41.7592592593	41.0	0.0185185185185
55	0.06830078125	41.7454545455	41.0	0.0181818181818
56	0.06830078125	41.7321428571	43.0	0.0294850498339
57	0.06830078125	43.7543859649	43.0	0.0175438596491
58	0.06830078125	43.7413793103	40.0	0.0935344827586
59	0.06830078125	40.6779661017	36.0	0.129943502825
60	0.06830078125	36.6	33.0	0.109090909091
61	0.06830078125	33.5409836066	31.0	0.0819672131148
62	0.06830078125	31.5	31.0	0.0161290322581
63	0.06830078125	31.4920634921	31.0	0.015873015873
64	0.06830078125	31.484375	31.0	0.015625
65	0.06830078125	31.4769230769	32.0	0.0163461538462
66	0.06830078125	32.4848484848	33.0	0.0156106519743
67	0.06830078125	33.4925373134	33.0	0.0149253731343
68	0.06830078125	33.4852941176	34.0	0.0151384083045
69	0.06830078125	34.4927536232	37.0	0.0677634155895
70	0.06830078125	37.5285714286	39.0	0.0377289377289
71	0.06830078125	39.5492957746	39.0	0.0140845070423
72	0.06830078125	39.5416666667	39.0	0.0138888888889
73	0.06830078125	39.5342465753	39.0	0.013698630137
74	0.06830078125	39.527027027	39.0	0.0135135135135
75	0.06830078125	39.52	43.0	0.0809302325581
76	0.06830078125	43.5657894737	41.0	0.0625802310655
77	0.06830078125	41.5324675325	40.0	0.0383116883117
78	0.06830078125	40.5128205128	40.0	0.0128205128205
79	0.06830078125	40.5063291139	40.0	0.0126582278481
80	0.06830078125	40.5	41.0	0.0121951219512
81	0.06830078125	41.5061728395	41.0	0.0123456790123
82	0.06830078125	41.5	39.0	0.0641025641026
83	0.06830078125	39.4698795181	35.0	0.127710843373
84	0.06830078125	35.4166666667	32.0	0.106770833333
85	0.06830078125	32.3764705882	30.0	0.0792156862745
86	0.06830078125	30.3488372093	29.0	0.046511627907
87	0.06830078125	29.3333333333	29.0	0.0114942528736
88	0.06830078125	29.3295454545	31.0	0.0538856304985
89	0.06830078125	31.3483146067	31.0	0.0112359550562
90	0.06830078125	31.3444444444	32.0	0.0204861111111
91	0.06830078125	32.3516483516	32.0	0.010989010989
92	0.06830078125	32.347826087	34.0	0.0485933503836
93	0.06830078125	34.3655913978	37.0	0.0712002324906
94	0.06830078125	37.3936170213	38.0	0.0159574468085
95	0.06830078125	38.4	38.0	0.0105263157895
96	0.06830078125	38.3958333333	38.0	0.0104166666667
97	0.06830078125	38.3917525773	38.0	0.0103092783505
98	0.06830078125	38.387755102	38.0	0.0102040816327
99	0.06830078125	38.3838383838	42.0	0.0860990860991
100	0.06830078125	42.42	40.0	0.0605
101	0.06830078125	40.396039604	39.0	0.035795887281
102	0.06830078125	39.3823529412	39.0	0.00980392156863
103	0.06830078125	39.3786407767	39.0	0.00970873786408
104	0.06830078125	39.375	41.0	0.0396341463415
105	0.06830078125	41.3904761905	41.0	0.00952380952381
106	0.06830078125	41.3867924528	38.0	0.0891261171797
107	0.06830078125	38.3551401869	35.0	0.0958611481976
108	0.06830078125	35.3240740741	31.0	0.139486260454
109	0.06830078125	31.2844036697	29.0	0.0787725403353
110	0.06830078125	29.2636363636	29.0	0.00909090909091
111	0.06830078125	29.2612612613	29.0	0.00900900900901
112	0.06830078125	29.2589285714	29.0	0.00892857142857
113	0.06830078125	29.2566371681	30.0	0.0247787610619
114	0.06830078125	30.2631578947	31.0	0.0237691001698
115	0.06830078125	31.2695652174	31.0	0.00869565217391
116	0.06830078125	31.2672413793	32.0	0.0228987068966
117	0.06830078125	32.2735042735	35.0	0.0778998778999
118	0.06830078125	35.2966101695	36.0	0.019538606403
119	0.06830078125	36.3025210084	37.0	0.0188507835567
120	0.06830078125	37.3083333333	36.0	0.0363425925926
121	0.06830078125	36.2975206612	37.0	0.0189859280768
122	0.06830078125	37.3032786885	37.0	0.00819672131148
123	0.06830078125	37.3008130081	41.0	0.0902240729724
124	0.06830078125	41.3306451613	38.0	0.0876485568761
125	0.06830078125	38.304	37.0	0.0352432432432
126	0.06830078125	37.2936507937	37.0	0.00793650793651
127	0.06830078125	37.2913385827	37.0	0.00787401574803
128	0.06830078125	37.2890625	39.0	0.0438701923077
129	0.06830078125	39.3023255814	39.0	0.0077519379845
130	0.06830078125	39.3	37.0	0.0621621621622
131	0.06830078125	37.2824427481	33.0	0.129770992366
132	0.06830078125	33.25	30.0	0.108333333333
133	0.06830078125	30.2255639098	28.0	0.0794844253491
134	0.06830078125	28.2089552239	27.0	0.044776119403
135	0.06830078125	27.2	27.0	0.00740740740741
136	0.06830078125	27.1985294118	27.0	0.00735294117647
137	0.06830078125	27.197080292	30.0	0.0934306569343
138	0.06830078125	30.2173913043	31.0	0.0252454417952
139	0.06830078125	31.2230215827	31.0	0.00719424460432
140	0.06830078125	31.2214285714	31.0	0.00714285714286
141	0.06830078125	31.219858156	34.0	0.0817688777639
142	0.06830078125	34.2394366197	35.0	0.0217303822938
143	0.06830078125	35.2447552448	35.0	0.00699300699301
144	0.06830078125	35.2430555556	36.0	0.0210262345679
145	0.06830078125	36.2482758621	37.0	0.0203168685927
146	0.06830078125	37.2534246575	38.0	0.0196467195386
147	0.06830078125	38.2585034014	41.0	0.0668657706985
148	0.06830078125	41.277027027	39.0	0.0583853083853
149	0.06830078125	39.2617449664	38.0	0.0332038149064
150	0.06830078125	38.2533333333	38.0	0.00666666666667
151	0.06830078125	38.2516556291	38.0	0.00662251655629
152	0.06830078125	38.25	40.0	0.04375
153	0.06830078125	40.2614379085	40.0	0.00653594771242
154	0.06830078125	40.2597402597	38.0	0.0594668489405
155	0.06830078125	38.2451612903	33.0	0.158944281525
156	0.06830078125	33.2115384615	30.0	0.107051282051
157	0.06830078125	30.1910828025	28.0	0.0782529572338
158	0.06830078125	28.1772151899	27.0	0.0436005625879
159	0.06830078125	27.1698113208	27.0	0.0062893081761
160	0.06830078125	27.16875	27.0	0.00625
161	0.06830078125	27.1677018634	26.0	0.044911610129
162	0.06830078125	26.1604938272	27.0	0.0310928212163
163	0.06830078125	27.1656441718	27.0	0.00613496932515
164	0.06830078125	27.1646341463	29.0	0.0632884777124
165	0.06830078125	29.1757575758	32.0	0.0882575757576
166	0.06830078125	32.1927710843	34.0	0.0531537916371
167	0.06830078125	34.2035928144	35.0	0.022754491018
168	0.06830078125	35.2083333333	37.0	0.0484234234234
169	0.06830078125	37.2189349112	38.0	0.020554344441
170	0.06830078125	38.2235294118	39.0	0.0199095022624
171	0.06830078125	39.2280701754	42.0	0.0659983291562
172	0.06830078125	42.2441860465	41.0	0.0303460011344
173	0.06830078125	41.2369942197	39.0	0.057358826145
174	0.06830078125	39.224137931	39.0	0.00574712643678
175	0.06830078125	39.2228571429	39.0	0.00571428571429
176	0.06830078125	39.2215909091	41.0	0.0433758314856
177	0.06830078125	41.2316384181	41.0	0.00564971751412
178	0.06830078125	41.2303370787	39.0	0.0571881302218
179	0.06830078125	39.217877095	34.0	0.153466973382
180	0.06830078125	34.1888888889	30.0	0.13962962963
181	0.06830078125	30.1657458564	28.0	0.0773480662983
182	0.06830078125	28.1538461538	28.0	0.00549450549451
183	0.06830078125	28.1530054645	28.0	0.00546448087432
184	0.06830078125	28.152173913	27.0	0.0426731078905
185	0.06830078125	27.1459459459	27.0	0.00540540540541
186	0.06830078125	27.1451612903	27.0	0.00537634408602
187	0.06830078125	27.1443850267	28.0	0.0305576776165
188	0.06830078125	28.1489361702	29.0	0.0293470286134
189	0.06830078125	29.1534391534	33.0	0.116562449896
190	0.06830078125	33.1736842105	35.0	0.0521804511278
191	0.06830078125	35.1832460733	36.0	0.022687609075
192	0.06830078125	36.1875	38.0	0.0476973684211
193	0.06830078125	38.1968911917	39.0	0.0205925335459
194	0.06830078125	39.2010309278	40.0	0.0199742268041
195	0.06830078125	40.2051282051	43.0	0.0649970184854
196	0.06830078125	43.2193877551	41.0	0.054131408661
197	0.06830078125	41.2081218274	40.0	0.0302030456853
198	0.06830078125	40.202020202	40.0	0.00505050505051
199	0.06830078125	40.2010050251	40.0	0.00502512562814
200	0.06830078125	40.2	41.0	0.019512195122
201	0.06830078125	41.2039800995	41.0	0.00497512437811
202	0.06830078125	41.202970297	39.0	0.0564864178726
203	0.06830078125	39.1921182266	33.0	0.187639946261
204	0.06830078125	33.1617647059	30.0	0.105392156863
205	0.06830078125	30.1463414634	27.0	0.116531165312
206	0.06830078125	27.1310679612	27.0	0.00485436893204
207	0.06830078125	27.1304347826	27.0	0.0048309178744
208	0.06830078125	27.1298076923	27.0	0.00480769230769
209	0.06830078125	27.1291866029	27.0	0.00478468899522
210	0.06830078125	27.1285714286	28.0	0.0311224489796
211	0.06830078125	28.1327014218	28.0	0.00473933649289
212	0.06830078125	28.1320754717	30.0	0.0622641509434
213	0.06830078125	30.1408450704	34.0	0.113504556752
214	0.06830078125	34.1588785047	35.0	0.0240320427236
215	0.06830078125	35.1627906977	36.0	0.0232558139535
216	0.06830078125	36.1666666667	36.0	0.00462962962963
217	0.06830078125	36.1658986175	38.0	0.048265825855
218	0.06830078125	38.1743119266	39.0	0.0211714890614
219	0.06830078125	39.1780821918	42.0	0.0671885192433
220	0.06830078125	42.1909090909	40.0	0.0547727272727
221	0.06830078125	40.1809954751	39.0	0.0302819352593
222	0.06830078125	39.1756756757	39.0	0.0045045045045
223	0.06830078125	39.1748878924	39.0	0.00448430493274
224	0.06830078125	39.1741071429	40.0	0.0206473214286
225	0.06830078125	40.1777777778	40.0	0.00444444444444
226	0.06830078125	40.1769911504	38.0	0.0572892408011
227	0.06830078125	38.1674008811	34.0	0.122570614149
228	0.06830078125	34.149122807	30.0	0.138304093567
229	0.06830078125	30.1310043668	28.0	0.0761072988147
230	0.06830078125	28.1217391304	27.0	0.0415458937198
231	0.06830078125	27.1168831169	27.0	0.004329004329
232	0.06830078125	27.1163793103	28.0	0.0315578817734
233	0.06830078125	28.1201716738	27.0	0.0414878397711
234	0.06830078125	27.1153846154	27.0	0.0042735042735
235	0.06830078125	27.114893617	27.0	0.00425531914894
236	0.06830078125	27.1144067797	29.0	0.0650204558738
237	0.06830078125	29.1223628692	33.0	0.117504155479
238	0.06830078125	33.1386554622	34.0	0.0253336628769
239	0.06830078125	34.1422594142	35.0	0.0245068738793
240	0.06830078125	35.1458333333	37.0	0.0501126126126
241	0.06830078125	37.153526971	38.0	0.0222756060275
242	0.06830078125	38.1570247934	39.0	0.0216147488875
243	0.06830078125	39.1604938272	42.0	0.0676072898295
244	0.06830078125	42.1721311475	40.0	0.0543032786885
245	0.06830078125	40.1632653061	39.0	0.0298273155416
246	0.06830078125	39.1585365854	38.0	0.030487804878
247	0.06830078125	38.1538461538	38.0	0.00404858299595
248	0.06830078125	38.1532258065	40.0	0.0461693548387
249	0.06830078125	40.1606425703	40.0	0.00401606425703
250	0.06830078125	40.16	38.0	0.0568421052632
251	0.06830078125	38.1513944223	33.0	0.156102861282
252	0.06830078125	33.130952381	30.0	0.104365079365
253	0.06830078125	30.1185770751	28.0	0.0756634669678
254	0.06830078125	28.1102362205	27.0	0.0411198600175
255	0.06830078125	27.1058823529	27.0	0.00392156862745
256	0.06830078125	27.10546875	28.0	0.0319475446429
257	0.06830078125	28.1089494163	27.0	0.0410722006053
258	0.06830078125	27.1046511628	27.0	0.00387596899225
259	0.06830078125	27.1042471042	28.0	0.0319911748483
260	0.06830078125	28.1076923077	29.0	0.0307692307692
261	0.06830078125	29.1111111111	33.0	0.117845117845
262	0.06830078125	33.1259541985	35.0	0.0535441657579
263	0.06830078125	35.1330798479	36.0	0.0240811153359
264	0.06830078125	36.1363636364	36.0	0.00378787878788
265	0.06830078125	36.1358490566	37.0	0.0233554309026
266	0.06830078125	37.1390977444	37.0	0.00375939849624
267	0.06830078125	37.138576779	41.0	0.0941810541701
268	0.06830078125	41.1529850746	39.0	0.0552047455033
269	0.06830078125	39.1449814126	38.0	0.0301310898063
270	0.06830078125	38.1407407407	38.0	0.0037037037037
271	0.06830078125	38.1402214022	37.0	0.0308167946544
272	0.06830078125	37.1360294118	39.0	0.0477941176471
273	0.06830078125	39.1428571429	40.0	0.0214285714286
274	0.06830078125	40.1459854015	37.0	0.0850266324719
275	0.06830078125	37.1345454545	33.0	0.125289256198
276	0.06830078125	33.1195652174	29.0	0.142053973013
277	0.06830078125	29.1046931408	27.0	0.0779515978072
278	0.06830078125	27.0971223022	27.0	0.00359712230216
279	0.06830078125	27.0967741935	27.0	0.00358422939068
280	0.06830078125	27.0964285714	28.0	0.0322704081633
281	0.06830078125	28.0996441281	27.0	0.0407275603005
282	0.06830078125	27.0957446809	28.0	0.0322948328267
283	0.06830078125	28.0989399293	28.0	0.00353356890459
284	0.06830078125	28.0985915493	29.0	0.0310830500243
285	0.06830078125	29.101754386	32.0	0.0905701754386
286	0.06830078125	32.1118881119	34.0	0.0555327025915
287	0.06830078125	34.118466899	34.0	0.00348432055749
288	0.06830078125	34.1180555556	35.0	0.0251984126984
289	0.06830078125	35.1211072664	36.0	0.0244136870434
290	0.06830078125	36.124137931	37.0	0.0236719478099
291	0.06830078125	37.1271477663	40.0	0.0718213058419
292	0.06830078125	40.1369863014	39.0	0.0291534949069
293	0.06830078125	39.133105802	37.0	0.0576515081635
294	0.06830078125	37.1258503401	37.0	0.00340136054422
295	0.06830078125	37.1254237288	37.0	0.00338983050847
296	0.06830078125	37.125	39.0	0.0480769230769
297	0.06830078125	39.1313131313	39.0	0.003367003367
298	0.06830078125	39.1308724832	37.0	0.0575911481952
299	0.06830078125	37.1237458194	33.0	0.124961994527
300	0.06830078125	33.11	29.0	0.141724137931
301	0.06830078125	29.096345515	27.0	0.0776424264796
302	0.06830078125	27.0894039735	26.0	0.0419001528273
303	0.06830078125	26.0858085809	27.0	0.0338589414497
304	0.06830078125	27.0888157895	27.0	0.00328947368421
305	0.06830078125	27.0885245902	27.0	0.00327868852459
306	0.06830078125	27.0882352941	28.0	0.0325630252101
307	0.06830078125	28.0912052117	28.0	0.00325732899023
308	0.06830078125	28.0909090909	29.0	0.0313479623824
309	0.06830078125	29.0938511327	32.0	0.0908171521036
310	0.06830078125	32.1032258065	33.0	0.0271749755621
311	0.06830078125	33.1061093248	34.0	0.026290902213
1	0.06830078125	82.0	41.0	1.0
2	0.06830078125	61.5	42.0	0.464285714286
3	0.06830078125	56.0	46.0	0.217391304348
4	0.06830078125	57.5	43.0	0.337209302326
5	0.06830078125	51.6	42.0	0.228571428571
6	0.06830078125	49.0	42.0	0.166666666667
7	0.06830078125	48.0	42.0	0.142857142857
8	0.06830078125	47.25	44.0	0.0738636363636
9	0.06830078125	48.8888888889	44.0	0.111111111111
10	0.06830078125	48.4	42.0	0.152380952381
11	0.06830078125	45.8181818182	38.0	0.205741626794
12	0.06830078125	41.1666666667	35.0	0.17619047619
13	0.06830078125	37.6923076923	33.0	0.142191142191
14	0.06830078125	35.3571428571	33.0	0.0714285714286
15	0.06830078125	35.2	33.0	0.0666666666667
16	0.06830078125	35.0625	32.0	0.095703125
17	0.06830078125	33.8823529412	32.0	0.0588235294118
18	0.06830078125	33.7777777778	33.0	0.023569023569
19	0.06830078125	34.7368421053	34.0	0.0216718266254
20	0.06830078125	35.7	35.0	0.02
21	0.06830078125	36.6666666667	38.0	0.0350877192982
22	0.06830078125	39.7272727273	39.0	0.018648018648
23	0.06830078125	40.6956521739	39.0	0.0434782608696
24	0.06830078125	40.625	41.0	0.00914634146341
25	0.06830078125	42.64	42.0	0.0152380952381
26	0.06830078125	43.6153846154	42.0	0.0384615384615
27	0.06830078125	43.5555555556	46.0	0.0531400966184
28	0.06830078125	47.6428571429	44.0	0.0827922077922
29	0.06830078125	45.5172413793	43.0	0.0585404971933
30	0.06830078125	44.4333333333	43.0	0.0333333333333
31	0.06830078125	44.3870967742	43.0	0.0322580645161
32	0.06830078125	44.34375	44.0	0.0078125
33	0.06830078125	45.3333333333	44.0	0.030303030303
34	0.06830078125	45.2941176471	42.0	0.078431372549
35	0.06830078125	43.2	38.0	0.136842105263
36	0.06830078125	39.0555555556	34.0	0.148692810458
37	0.06830078125	34.9189189189	32.0	0.0912162162162
38	0.06830078125	32.8421052632	32.0	0.0263157894737
39	0.06830078125	32.8205128205	32.0	0.025641025641
40	0.06830078125	32.8	32.0	0.025
41	0.06830078125	32.7804878049	32.0	0.0243902439024
42	0.06830078125	32.7619047619	34.0	0.0364145658263
43	0.06830078125	34.7906976744	34.0	0.0232558139535
44	0.06830078125	34.7727272727	35.0	0.00649350649351
45	0.06830078125	35.7777777778	38.0	0.0584795321637
46	0.06830078125	38.8260869565	39.0	0.00445930880713
47	0.06830078125	39.829787234	40.0	0.00425531914894
48	0.06830078125	40.8333333333	40.0	0.0208333333333
49	0.06830078125	40.8163265306	41.0	0.00447984071677
50	0.06830078125	41.82	41.0	0.02
51	0.06830078125	41.8039215686	45.0	0.0710239651416
52	0.06830078125	45.8653846154	43.0	0.0666368515206
53	0.06830078125	43.8113207547	41.0	0.0685687988955
54	0.06830078125	41.7592592593	41.0	0.0185185185185
55	0.06830078125	41.7454545455	41.0	0.0181818181818
56	0.06830078125	41.7321428571	43.0	0.0294850498339
57	0.06830078125	43.7543859649	43.0	0.0175438596491
58	0.06830078125	43.7413793103	40.0	0.0935344827586
59	0.06830078125	40.6779661017	36.0	0.129943502825
60	0.06830078125	36.6	33.0	0.109090909091
61	0.06830078125	33.5409836066	31.0	0.0819672131148
62	0.06830078125	31.5	31.0	0.0161290322581
63	0.06830078125	31.4920634921	31.0	0.015873015873
64	0.06830078125	31.484375	31.0	0.015625
65	0.06830078125	31.4769230769	32.0	0.0163461538462
66	0.06830078125	32.4848484848	33.0	0.0156106519743
67	0.06830078125	33.4925373134	33.0	0.0149253731343
68	0.06830078125	33.4852941176	34.0	0.0151384083045
69	0.06830078125	34.4927536232	37.0	0.0677634155895
70	0.06830078125	37.5285714286	39.0	0.0377289377289
71	0.06830078125	39.5492957746	39.0	0.0140845070423
72	0.06830078125	39.5416666667	39.0	0.0138888888889
73	0.06830078125	39.5342465753	39.0	0.013698630137
74	0.06830078125	39.527027027	39.0	0.0135135135135
75	0.06830078125	39.52	43.0	0.0809302325581
76	0.06830078125	43.5657894737	41.0	0.0625802310655
77	0.06830078125	41.5324675325	40.0	0.0383116883117
78	0.06830078125	40.5128205128	40.0	0.0128205128205
79	0.06830078125	40.5063291139	40.0	0.0126582278481
80	0.06830078125	40.5	41.0	0.0121951219512
81	0.06830078125	41.5061728395	41.0	0.0123456790123
82	0.06830078125	41.5	39.0	0.0641025641026
83	0.06830078125	39.4698795181	35.0	0.127710843373
84	0.06830078125	35.4166666667	32.0	0.106770833333
85	0.06830078125	32.3764705882	30.0	0.0792156862745
86	0.06830078125	30.3488372093	29.0	0.046511627907
87	0.06830078125	29.3333333333	29.0	0.0114942528736
88	0.06830078125	29.3295454545	31.0	0.0538856304985
89	0.06830078125	31.3483146067	31.0	0.0112359550562
90	0.06830078125	31.3444444444	32.0	0.0204861111111
91	0.06830078125	32.3516483516	32.0	0.010989010989
92	0.06830078125	32.347826087	34.0	0.0485933503836
93	0.06830078125	34.3655913978	37.0	0.0712002324906
94	0.06830078125	37.3936170213	38.0	0.0159574468085
95	0.06830078125	38.4	38.0	0.0105263157895
96	0.06830078125	38.3958333333	38.0	0.0104166666667
97	0.06830078125	38.3917525773	38.0	0.0103092783505
98	0.06830078125	38.387755102	38.0	0.0102040816327
99	0.06830078125	38.3838383838	42.0	0.0860990860991
100	0.06830078125	42.42	40.0	0.0605
101	0.06830078125	40.396039604	39.0	0.035795887281
102	0.06830078125	39.3823529412	39.0	0.00980392156863
103	0.06830078125	39.3786407767	39.0	0.00970873786408
104	0.06830078125	39.375	41.0	0.0396341463415
105	0.06830078125	41.3904761905	41.0	0.00952380952381
106	0.06830078125	41.3867924528	38.0	0.0891261171797
107	0.06830078125	38.3551401869	35.0	0.0958611481976
108	0.06830078125	35.3240740741	31.0	0.139486260454
109	0.06830078125	31.2844036697	29.0	0.0787725403353
110	0.06830078125	29.2636363636	29.0	0.00909090909091
111	0.06830078125	29.2612612613	29.0	0.00900900900901
112	0.06830078125	29.2589285714	29.0	0.00892857142857
113	0.06830078125	29.2566371681	30.0	0.0247787610619
114	0.06830078125	30.2631578947	31.0	0.0237691001698
115	0.06830078125	31.2695652174	31.0	0.00869565217391
116	0.06830078125	31.2672413793	32.0	0.0228987068966
117	0.06830078125	32.2735042735	35.0	0.0778998778999
118	0.06830078125	35.2966101695	36.0	0.019538606403
119	0.06830078125	36.3025210084	37.0	0.0188507835567
120	0.06830078125	37.3083333333	36.0	0.0363425925926
121	0.06830078125	36.2975206612	37.0	0.0189859280768
122	0.06830078125	37.3032786885	37.0	0.00819672131148
123	0.06830078125	37.3008130081	41.0	0.0902240729724
124	0.06830078125	41.3306451613	38.0	0.0876485568761
125	0.06830078125	38.304	37.0	0.0352432432432
126	0.06830078125	37.2936507937	37.0	0.00793650793651
127	0.06830078125	37.2913385827	37.0	0.00787401574803
128	0.06830078125	37.2890625	39.0	0.0438701923077
129	0.06830078125	39.3023255814	39.0	0.0077519379845
130	0.06830078125	39.3	37.0	0.0621621621622
131	0.06830078125	37.2824427481	33.0	0.129770992366
132	0.06830078125	33.25	30.0	0.108333333333
133	0.06830078125	30.2255639098	28.0	0.0794844253491
134	0.06830078125	28.2089552239	27.0	0.044776119403
135	0.06830078125	27.2	27.0	0.00740740740741
136	0.06830078125	27.1985294118	27.0	0.00735294117647
137	0.06830078125	27.197080292	30.0	0.0934306569343
138	0.06830078125	30.2173913043	31.0	0.0252454417952
139	0.06830078125	31.2230215827	31.0	0.00719424460432
140	0.06830078125	31.2214285714	31.0	0.00714285714286
141	0.06830078125	31.219858156	34.0	0.0817688777639
142	0.06830078125	34.2394366197	35.0	0.0217303822938
143	0.06830078125	35.2447552448	35.0	0.00699300699301
144	0.06830078125	35.2430555556	36.0	0.0210262345679
145	0.06830078125	36.2482758621	37.0	0.0203168685927
146	0.06830078125	37.2534246575	38.0	0.0196467195386
147	0.06830078125	38.2585034014	41.0	0.0668657706985
148	0.06830078125	41.277027027	39.0	0.0583853083853
149	0.06830078125	39.2617449664	38.0	0.0332038149064
150	0.06830078125	38.2533333333	38.0	0.00666666666667
151	0.06830078125	38.2516556291	38.0	0.00662251655629
152	0.06830078125	38.25	40.0	0.04375
153	0.06830078125	40.2614379085	40.0	0.00653594771242
154	0.06830078125	40.2597402597	38.0	0.0594668489405
155	0.06830078125	38.2451612903	33.0	0.158944281525
156	0.06830078125	33.2115384615	30.0	0.107051282051
157	0.06830078125	30.1910828025	28.0	0.0782529572338
158	0.06830078125	28.1772151899	27.0	0.0436005625879
159	0.06830078125	27.1698113208	27.0	0.0062893081761
160	0.06830078125	27.16875	27.0	0.00625
161	0.06830078125	27.1677018634	26.0	0.044911610129
162	0.06830078125	26.1604938272	27.0	0.0310928212163
163	0.06830078125	27.1656441718	27.0	0.00613496932515
164	0.06830078125	27.1646341463	29.0	0.0632884777124
165	0.06830078125	29.1757575758	32.0	0.0882575757576
166	0.06830078125	32.1927710843	34.0	0.0531537916371
167	0.06830078125	34.2035928144	35.0	0.022754491018
168	0.06830078125	35.2083333333	37.0	0.0484234234234
169	0.06830078125	37.2189349112	38.0	0.020554344441
170	0.06830078125	38.2235294118	39.0	0.0199095022624
171	0.06830078125	39.2280701754	42.0	0.0659983291562
172	0.06830078125	42.2441860465	41.0	0.0303460011344
173	0.06830078125	41.2369942197	39.0	0.057358826145
174	0.06830078125	39.224137931	39.0	0.00574712643678
175	0.06830078125	39.2228571429	39.0	0.00571428571429
176	0.06830078125	39.2215909091	41.0	0.0433758314856
177	0.06830078125	41.2316384181	41.0	0.00564971751412
178	0.06830078125	41.2303370787	39.0	0.0571881302218
179	0.06830078125	39.217877095	34.0	0.153466973382
180	0.06830078125	34.1888888889	30.0	0.13962962963
181	0.06830078125	30.1657458564	28.0	0.0773480662983
182	0.06830078125	28.1538461538	28.0	0.00549450549451
183	0.06830078125	28.1530054645	28.0	0.00546448087432
184	0.06830078125	28.152173913	27.0	0.0426731078905
185	0.06830078125	27.1459459459	27.0	0.00540540540541
186	0.06830078125	27.1451612903	27.0	0.00537634408602
187	0.06830078125	27.1443850267	28.0	0.0305576776165
188	0.06830078125	28.1489361702	29.0	0.0293470286134
189	0.06830078125	29.1534391534	33.0	0.116562449896
190	0.06830078125	33.1736842105	35.0	0.0521804511278
191	0.06830078125	35.1832460733	36.0	0.022687609075
192	0.06830078125	36.1875	38.0	0.0476973684211
193	0.06830078125	38.1968911917	39.0	0.0205925335459
194	0.06830078125	39.2010309278	40.0	0.0199742268041
195	0.06830078125	40.2051282051	43.0	0.0649970184854
196	0.06830078125	43.2193877551	41.0	0.054131408661
197	0.06830078125	41.2081218274	40.0	0.0302030456853
198	0.06830078125	40.202020202	40.0	0.00505050505051
199	0.06830078125	40.2010050251	40.0	0.00502512562814
200	0.06830078125	40.2	41.0	0.019512195122
201	0.06830078125	41.2039800995	41.0	0.00497512437811
202	0.06830078125	41.202970297	39.0	0.0564864178726
203	0.06830078125	39.1921182266	33.0	0.187639946261
204	0.06830078125	33.1617647059	30.0	0.105392156863
205	0.06830078125	30.1463414634	27.0	0.116531165312
206	0.06830078125	27.1310679612	27.0	0.00485436893204
207	0.06830078125	27.1304347826	27.0	0.0048309178744
208	0.06830078125	27.1298076923	27.0	0.00480769230769
209	0.06830078125	27.1291866029	27.0	0.00478468899522
210	0.06830078125	27.1285714286	28.0	0.0311224489796
211	0.06830078125	28.1327014218	28.0	0.00473933649289
212	0.06830078125	28.1320754717	30.0	0.0622641509434
213	0.06830078125	30.1408450704	34.0	0.113504556752
214	0.06830078125	34.1588785047	35.0	0.0240320427236
215	0.06830078125	35.1627906977	36.0	0.0232558139535
216	0.06830078125	36.1666666667	36.0	0.00462962962963
217	0.06830078125	36.1658986175	38.0	0.048265825855
218	0.06830078125	38.1743119266	39.0	0.0211714890614
219	0.06830078125	39.1780821918	42.0	0.0671885192433
220	0.06830078125	42.1909090909	40.0	0.0547727272727
221	0.06830078125	40.1809954751	39.0	0.0302819352593
222	0.06830078125	39.1756756757	39.0	0.0045045045045
223	0.06830078125	39.1748878924	39.0	0.00448430493274
224	0.06830078125	39.1741071429	40.0	0.0206473214286
225	0.06830078125	40.1777777778	40.0	0.00444444444444
226	0.06830078125	40.1769911504	38.0	0.0572892408011
227	0.06830078125	38.1674008811	34.0	0.122570614149
228	0.06830078125	34.149122807	30.0	0.138304093567
229	0.06830078125	30.1310043668	28.0	0.0761072988147
230	0.06830078125	28.1217391304	27.0	0.0415458937198
231	0.06830078125	27.1168831169	27.0	0.004329004329
232	0.06830078125	27.1163793103	28.0	0.0315578817734
233	0.06830078125	28.1201716738	27.0	0.0414878397711
234	0.06830078125	27.1153846154	27.0	0.0042735042735
235	0.06830078125	27.114893617	27.0	0.00425531914894
236	0.06830078125	27.1144067797	29.0	0.0650204558738
237	0.06830078125	29.1223628692	33.0	0.117504155479
238	0.06830078125	33.1386554622	34.0	0.0253336628769
239	0.06830078125	34.1422594142	35.0	0.0245068738793
240	0.06830078125	35.1458333333	37.0	0.0501126126126
241	0.06830078125	37.153526971	38.0	0.0222756060275
242	0.06830078125	38.1570247934	39.0	0.0216147488875
243	0.06830078125	39.1604938272	42.0	0.0676072898295
244	0.06830078125	42.1721311475	40.0	0.0543032786885
245	0.06830078125	40.1632653061	39.0	0.0298273155416
246	0.06830078125	39.1585365854	38.0	0.030487804878
247	0.06830078125	38.1538461538	38.0	0.00404858299595
248	0.06830078125	38.1532258065	40.0	0.0461693548387
249	0.06830078125	40.1606425703	40.0	0.00401606425703
250	0.06830078125	40.16	38.0	0.0568421052632
251	0.06830078125	38.1513944223	33.0	0.156102861282
252	0.06830078125	33.130952381	30.0	0.104365079365
253	0.06830078125	30.1185770751	28.0	0.0756634669678
254	0.06830078125	28.1102362205	27.0	0.0411198600175
255	0.06830078125	27.1058823529	27.0	0.00392156862745
256	0.06830078125	27.10546875	28.0	0.0319475446429
257	0.06830078125	28.1089494163	27.0	0.0410722006053
258	0.06830078125	27.1046511628	27.0	0.00387596899225
259	0.06830078125	27.1042471042	28.0	0.0319911748483
260	0.06830078125	28.1076923077	29.0	0.0307692307692
261	0.06830078125	29.1111111111	33.0	0.117845117845
262	0.06830078125	33.1259541985	35.0	0.0535441657579
263	0.06830078125	35.1330798479	36.0	0.0240811153359
264	0.06830078125	36.1363636364	36.0	0.00378787878788
265	0.06830078125	36.1358490566	37.0	0.0233554309026
266	0.06830078125	37.1390977444	37.0	0.00375939849624
267	0.06830078125	37.138576779	41.0	0.0941810541701
268	0.06830078125	41.1529850746	39.0	0.0552047455033
269	0.06830078125	39.1449814126	38.0	0.0301310898063
270	0.06830078125	38.1407407407	38.0	0.0037037037037
271	0.06830078125	38.1402214022	37.0	0.0308167946544
272	0.06830078125	37.1360294118	39.0	0.0477941176471
273	0.06830078125	39.1428571429	40.0	0.0214285714286
274	0.06830078125	40.1459854015	37.0	0.0850266324719
275	0.06830078125	37.1345454545	33.0	0.125289256198
276	0.06830078125	33.1195652174	29.0	0.142053973013
277	0.06830078125	29.1046931408	27.0	0.0779515978072
278	0.06830078125	27.0971223022	27.0	0.00359712230216
279	0.06830078125	27.0967741935	27.0	0.00358422939068
280	0.06830078125	27.0964285714	28.0	0.0322704081633
281	0.06830078125	28.0996441281	27.0	0.0407275603005
282	0.06830078125	27.0957446809	28.0	0.0322948328267
283	0.06830078125	28.0989399293	28.0	0.00353356890459
284	0.06830078125	28.0985915493	29.0	0.0310830500243
285	0.06830078125	29.101754386	32.0	0.0905701754386
286	0.06830078125	32.1118881119	34.0	0.0555327025915
287	0.06830078125	34.118466899	34.0	0.00348432055749
288	0.06830078125	34.1180555556	35.0	0.0251984126984
289	0.06830078125	35.1211072664	36.0	0.0244136870434
290	0.06830078125	36.124137931	37.0	0.0236719478099
291	0.06830078125	37.1271477663	40.0	0.0718213058419
292	0.06830078125	40.1369863014	39.0	0.0291534949069
293	0.06830078125	39.133105802	37.0	0.0576515081635
294	0.06830078125	37.1258503401	37.0	0.00340136054422
295	0.06830078125	37.1254237288	37.0	0.00338983050847
296	0.06830078125	37.125	39.0	0.0480769230769
297	0.06830078125	39.1313131313	39.0	0.003367003367
298	0.06830078125	39.1308724832	37.0	0.0575911481952
299	0.06830078125	37.1237458194	33.0	0.124961994527
300	0.06830078125	33.11	29.0	0.141724137931
301	0.06830078125	29.096345515	27.0	0.0776424264796
302	0.06830078125	27.0894039735	26.0	0.0419001528273
303	0.06830078125	26.0858085809	27.0	0.0338589414497
304	0.06830078125	27.0888157895	27.0	0.00328947368421
305	0.06830078125	27.0885245902	27.0	0.00327868852459
306	0.06830078125	27.0882352941	28.0	0.0325630252101
307	0.06830078125	28.0912052117	28.0	0.00325732899023
308	0.06830078125	28.0909090909	29.0	0.0313479623824
309	0.06830078125	29.0938511327	32.0	0.0908171521036
310	0.06830078125	32.1032258065	33.0	0.0271749755621
311	0.06830078125	33.1061093248	34.0	0.026290902213
